20.53,
20.00,
21.11,
24.25,
28.31,
32.14,
35.06,
37.08,
38.70,
40.24,
41.59,
42.45,
42.58,
42.15,
41.49,
40.93,
40.64,
40.61,
40.80,
41.15,
41.67,
42.26,
42.81,
43.21,
43.43,
43.51,
43.48,
43.30,
42.96,
42.54,
42.16,
41.89,
41.70,
41.52,
41.31,
41.09,
40.97,
41.07,
41.49,
42.19,
42.94,
43.50,
43.76,
43.77,
43.59,
43.26,
42.86,
42.55,
42.45,
42.54,
42.63,
42.50,
42.09,
41.47,
40.79,
40.16,
39.66,
39.29,
39.04,
38.84,
38.63,
38.38,
38.16,
38.10,
38.26,
38.56,
38.84,
39.07,
39.31,
39.67,
40.07,
40.36,
40.39,
40.12,
39.62,
39.00,
38.34,
37.62,
36.78,
35.85,
35.06,
34.77,
35.12,
36.02,
37.21,
38.52,
39.81,
40.98,
41.84,
42.23,
42.00,
41.20,
40.14,
39.25,
38.90,
39.07,
39.45,
39.66,
39.46,
38.87,
38.11,
37.52,
37.30,
37.49,
38.00,
38.77,
39.91,
41.55,
43.52,
45.33,
46.42,
46.61,
46.09,
45.33,
44.65,
44.20,
43.92,
43.71,
43.49,
43.25,
42.91,
42.49,
42.08,
41.86,
41.93,
42.23,
42.64,
43.02,
43.24,
43.11,
42.50,
41.42,
40.07,
38.78,
37.87,
37.57,
37.95,
38.90,
40.06,
41.01,
41.54,
41.78,
42.00,
42.36,
42.75,
43.10,
43.38,
43.63,
43.89,
44.24,
44.67,
45.15,
45.62,
46.07,
46.50,
46.86,
47.11,
47.19,
47.16,
47.10,
47.09,
47.12,
47.09,
46.89,
46.55,
46.22,
46.10,
46.18,
46.22,
45.96,
45.26,
44.26,
43.09,
41.77,
40.12,
37.89,
34.86,
31.05,
26.88,
23.10,
