38.18,
38.42,
38.81,
38.59,
38.84,
39.83,
40.06,
40.08,
39.80,
39.18,
38.97,
38.87,
38.75,
39.03,
38.80,
38.82,
38.91,
39.28,
39.05,
39.67,
39.91,
39.63,
39.58,
39.91,
39.87,
40.40,
39.92,
39.78,
40.22,
40.40,
40.83,
40.92,
40.14,
40.12,
40.06,
39.95,
39.88,
39.62,
39.36,
39.38,
39.30,
40.15,
39.69,
40.07,
39.74,
39.64,
39.66,
40.14,
39.58,
39.85,
39.83,
39.93,
40.41,
41.13,
40.73,
39.89,
39.54,
39.32,
39.43,
39.24,
39.11,
39.64,
39.16,
38.74,
38.90,
38.49,
38.12,
37.61,
37.38,
37.15,
37.10,
36.56,
35.95,
36.33,
37.50,
40.57,
42.98,
40.87,
39.54,
38.98,
39.44,
41.25,
43.64,
41.47,
38.39,
36.57,
36.23,
35.70,
36.42,
36.65,
36.82,
37.17,
37.51,
37.03,
37.47,
37.64,
37.47,
37.96,
38.34,
38.50,
38.91,
38.48,
38.93,
39.37,
39.72,
39.46,
39.92,
39.97,
40.93,
40.53,
40.93,
40.46,
40.37,
40.07,
40.23,
39.51,
39.69,
39.42,
38.40,
37.92,
37.06,
36.62,
35.81,
35.61,
35.56,
36.10,
36.96,
36.97,
37.54,
37.03,
37.14,
36.90,
37.03,
36.54,
36.22,
35.57,
35.70,
35.70,
35.80,
36.31,
37.33,
38.35,
39.01,
39.30,
39.77,
39.92,
40.35,
40.40,
39.87,
39.91,
39.27,
39.61,
39.66,
39.60,
39.05,
38.87,
38.07,
38.16,
37.67,
37.03,
36.80,
36.41,
36.80,
36.16,
36.19,
35.93,
35.83,
36.05,
36.44,
36.49,
36.74,
37.12,
37.16,
37.37,
37.54,
37.49,
37.39,
37.70,
38.06,
38.17,
38.78,
38.72,
38.81,
39.18,
39.52,
39.80,
39.44,
40.01,
40.56,
40.12,
39.67,
38.95,
37.45,
36.45,
36.31,
36.00,
35.94,
35.98,
35.76,
36.16,
36.46,
37.15,
38.00,
38.78,
39.30,
39.41,
39.73,
39.79,
39.54,
39.37,
38.52,
38.60,
38.46,
38.25,
38.05,
38.21,
38.12,
37.96,
37.89,
37.57,
37.39,
37.03,
36.83,
36.82,
36.73,
36.07,
35.78,
35.80,
35.74,
35.97,
36.00,
35.53,
35.41,
35.75,
36.02,
36.57,
36.29,
36.44,
36.62,
36.65,
36.68,
36.56,
36.69,
37.54,
38.24,
39.20,
39.49,
39.52,
39.69,
40.07,
39.78,
40.81,
40.22,
39.85,
39.79,
39.54,
39.63,
39.04,
38.56,
38.20,
