71.82,
65.27,
59.08,
52.88,
46.90,
41.58,
36.84,
32.40,
29.40,
27.23,
26.42,
26.22,
27.52,
29.64,
31.78,
34.10,
36.26,
39.05,
42.74,
44.52,
45.59,
46.73,
48.21,
49.21,
49.72,
49.76,
49.29,
48.67,
48.90,
48.91,
48.63,
49.09,
49.48,
50.11,
51.20,
51.51,
51.57,
52.40,
53.59,
55.06,
56.48,
57.86,
59.46,
60.20,
60.32,
60.69,
60.99,
61.82,
63.07,
64.45,
66.05,
68.20,
70.40,
72.88,
75.34,
74.18,
72.91,
72.69,
71.86,
71.04,
70.57,
70.40,
70.78,
71.41,
72.92,
74.59,
77.04,
77.27,
78.37,
78.49,
78.86,
78.41,
75.12,
72.36,
70.04,
68.36,
66.47,
64.55,
62.22,
60.29,
59.34,
56.71,
54.84,
54.24,
53.23,
52.04,
51.16,
50.96,
50.04,
49.72,
50.00,
49.92,
49.88,
50.76,
51.34,
52.62,
52.98,
52.88,
53.48,
53.41,
53.25,
53.39,
52.91,
52.60,
52.18,
52.01,
52.40,
53.44,
54.72,
57.36,
60.32,
63.90,
67.99,
69.07,
69.19,
70.32,
72.91,
76.80,
78.69,
70.80,
62.77,
54.70,
46.67,
38.79,
31.16,
24.07,
17.61,
10.45,
3.55,
2.00,
2.00,
2.00,
2.00,
2.00,
2.00,
2.00,
2.00,
2.00,
2.00,
2.00,
2.00,
2.00,
2.00,
2.00,
2.00,
2.00,
2.00,
2.00,
2.00,
2.00,
2.00,
2.00,
2.00,
2.00,
2.00,
2.00,
2.00,
2.00,
2.00,
2.00,
2.00,
2.00,
2.00,
6.19,
11.41,
16.30,
20.89,
25.47,
31.33,
37.96,
44.42,
48.32,
43.79,
38.52,
34.94,
31.22,
27.34,
22.96,
20.97,
18.93,
15.69,
11.75,
9.23,
6.68,
4.89,
2.00,
2.00,
2.00,
2.00,
2.00,
2.00,
2.00,
2.00,
2.00,
2.00,
2.00,
2.00,
2.00,
2.00,
2.00,
2.00,
2.00,
2.00,
2.00,
2.00,
2.00,
2.00,
2.00,
2.00,
2.00,
2.00,
2.00,
2.00,
2.00,
2.00,
2.00,
2.00,
2.00,
2.00,
2.00,
2.00,
2.00,
2.00,
2.00,
2.00,
2.00,
2.00,
2.00,
2.00,
2.00,
8.23,
15.07,
22.70,
29.81,
37.30,
45.14,
53.15,
61.24,
69.30,
77.30,
